! octupoles
!kG/cm3 -> 1/cm4 -> 1/m4
oqK = (1.4*0.5/HR)*100*100*100*100;
oqI = 5;
koq01 := 0.28604999999999997*oqK; !0.05721
koq02 := 0.4562*oqK; !0.09124
koq03 := 0.7321*oqK; !0.14642
koq04 := 1.1693*oqK; !0.23386
koq05 := 1.8269*oqK; !0.36538
koq06 := 2.7245000000000004*oqK; !0.5449
koq07 := 3.759675*oqK; !0.751935
koq08 := 4.644*oqK; !0.9288
koq09 := 5.0*oqK; !1.0
